P 	576 	2304
A	0 0 .3	-10.0 3.5  8.0 	1.5 0.0 -1.3	0 0 -1
p 	0 	4
 	n 	   -0.9668 	    0.2556 	    0.0000	i 	63
 	v 	   -0.0451 	    0.0187 	   -0.8000 n	    0.9239 	   -0.3827 	    0.0000 i	96
 	v 	   -0.0484 	    0.0064 	   -0.8000 n	    0.9917 	   -0.1288 	    0.0000 i	96
 	v 	   -0.0484 	    0.0064 	   -0.7988 n	    0.9917 	   -0.1288 	    0.0000 i	96
 	v 	   -0.0451 	    0.0187 	   -0.7988 n	    0.9239 	   -0.3827 	    0.0000 i	96
p 	1 	4
 	n 	   -1.0000 	    0.0000 	    0.0000	i 	63
 	v 	   -0.0484 	    0.0064 	   -0.8000 n	    0.9917 	   -0.1288 	    0.0000 i	96
 	v 	   -0.0484 	   -0.0064 	   -0.8000 n	    0.9917 	    0.1288 	    0.0000 i	96
 	v 	   -0.0484 	   -0.0064 	   -0.7988 n	    0.9917 	    0.1288 	    0.0000 i	96
 	v 	   -0.0484 	    0.0064 	   -0.7988 n	    0.9917 	   -0.1288 	    0.0000 i	96
p 	2 	4
 	n 	   -0.9668 	   -0.2556 	    0.0000	i 	63
 	v 	   -0.0484 	   -0.0064 	   -0.8000 n	    0.9917 	    0.1288 	    0.0000 i	96
 	v 	   -0.0451 	   -0.0187 	   -0.8000 n	    0.9239 	    0.3827 	    0.0000 i	96
 	v 	   -0.0451 	   -0.0187 	   -0.7988 n	    0.9239 	    0.3827 	    0.0000 i	96
 	v 	   -0.0484 	   -0.0064 	   -0.7988 n	    0.9917 	    0.1288 	    0.0000 i	96
p 	3 	4
 	n 	   -0.8644 	   -0.5028 	    0.0000	i 	63
 	v 	   -0.0451 	   -0.0187 	   -0.8000 n	    0.9239 	    0.3827 	    0.0000 i	96
 	v 	   -0.0387 	   -0.0297 	   -0.8000 n	    0.7923 	    0.6101 	    0.0000 i	96
 	v 	   -0.0387 	   -0.0297 	   -0.7988 n	    0.7923 	    0.6102 	    0.0000 i	96
 	v 	   -0.0451 	   -0.0187 	   -0.7988 n	    0.9239 	    0.3827 	    0.0000 i	96
p 	4 	4
 	n 	   -0.7071 	   -0.7071 	    0.0000	i 	63
 	v 	   -0.0387 	   -0.0297 	   -0.8000 n	    0.7923 	    0.6101 	    0.0000 i	96
 	v 	   -0.0297 	   -0.0387 	   -0.8000 n	    0.6101 	    0.7923 	    0.0000 i	96
 	v 	   -0.0297 	   -0.0387 	   -0.7988 n	    0.6102 	    0.7923 	    0.0000 i	96
 	v 	   -0.0387 	   -0.0297 	   -0.7988 n	    0.7923 	    0.6102 	    0.0000 i	96
p 	5 	4
 	n 	   -0.5028 	   -0.8644 	    0.0000	i 	63
 	v 	   -0.0297 	   -0.0387 	   -0.8000 n	    0.6101 	    0.7923 	    0.0000 i	96
 	v 	   -0.0187 	   -0.0451 	   -0.8000 n	    0.3827 	    0.9239 	    0.0000 i	96
 	v 	   -0.0187 	   -0.0451 	   -0.7988 n	    0.3827 	    0.9239 	    0.0000 i	96
 	v 	   -0.0297 	   -0.0387 	   -0.7988 n	    0.6102 	    0.7923 	    0.0000 i	96
p 	6 	4
 	n 	   -0.2556 	   -0.9668 	    0.0000	i 	63
 	v 	   -0.0187 	   -0.0451 	   -0.8000 n	    0.3827 	    0.9239 	    0.0000 i	96
 	v 	   -0.0064 	   -0.0484 	   -0.8000 n	    0.1288 	    0.9917 	    0.0000 i	96
 	v 	   -0.0064 	   -0.0484 	   -0.7988 n	    0.1288 	    0.9917 	    0.0000 i	96
 	v 	   -0.0187 	   -0.0451 	   -0.7988 n	    0.3827 	    0.9239 	    0.0000 i	96
p 	7 	4
 	n 	    0.0000 	   -1.0000 	    0.0000	i 	63
 	v 	   -0.0064 	   -0.0484 	   -0.8000 n	    0.1288 	    0.9917 	    0.0000 i	96
 	v 	    0.0064 	   -0.0484 	   -0.8000 n	   -0.1288 	    0.9917 	    0.0000 i	96
 	v 	    0.0064 	   -0.0484 	   -0.7988 n	   -0.1288 	    0.9917 	    0.0000 i	96
 	v 	   -0.0064 	   -0.0484 	   -0.7988 n	    0.1288 	    0.9917 	    0.0000 i	96
p 	8 	4
 	n 	    0.2556 	   -0.9668 	    0.0000	i 	63
 	v 	    0.0064 	   -0.0484 	   -0.8000 n	   -0.1288 	    0.9917 	    0.0000 i	96
 	v 	    0.0187 	   -0.0451 	   -0.8000 n	   -0.3827 	    0.9239 	    0.0000 i	96
 	v 	    0.0187 	   -0.0451 	   -0.7988 n	   -0.3827 	    0.9239 	    0.0000 i	96
 	v 	    0.0064 	   -0.0484 	   -0.7988 n	   -0.1288 	    0.9917 	    0.0000 i	96
p 	9 	4
 	n 	    0.5028 	   -0.8644 	    0.0000	i 	63
 	v 	    0.0187 	   -0.0451 	   -0.8000 n	   -0.3827 	    0.9239 	    0.0000 i	96
 	v 	    0.0297 	   -0.0387 	   -0.8000 n	   -0.6101 	    0.7923 	    0.0000 i	96
 	v 	    0.0297 	   -0.0387 	   -0.7988 n	   -0.6102 	    0.7923 	    0.0000 i	96
 	v 	    0.0187 	   -0.0451 	   -0.7988 n	   -0.3827 	    0.9239 	    0.0000 i	96
p 	10 	4
 	n 	    0.7071 	   -0.7071 	    0.0000	i 	63
 	v 	    0.0297 	   -0.0387 	   -0.8000 n	   -0.6101 	    0.7923 	    0.0000 i	96
 	v 	    0.0387 	   -0.0297 	   -0.8000 n	   -0.7923 	    0.6101 	    0.0000 i	96
 	v 	    0.0387 	   -0.0297 	   -0.7988 n	   -0.7923 	    0.6102 	    0.0000 i	96
 	v 	    0.0297 	   -0.0387 	   -0.7988 n	   -0.6102 	    0.7923 	    0.0000 i	96
p 	11 	4
 	n 	    0.8644 	   -0.5028 	    0.0000	i 	63
 	v 	    0.0387 	   -0.0297 	   -0.8000 n	   -0.7923 	    0.6101 	    0.0000 i	96
 	v 	    0.0451 	   -0.0187 	   -0.8000 n	   -0.9239 	    0.3827 	    0.0000 i	96
 	v 	    0.0451 	   -0.0187 	   -0.7988 n	   -0.9239 	    0.3827 	    0.0000 i	96
 	v 	    0.0387 	   -0.0297 	   -0.7988 n	   -0.7923 	    0.6102 	    0.0000 i	96
p 	12 	4
 	n 	    0.9668 	   -0.2556 	    0.0000	i 	63
 	v 	    0.0451 	   -0.0187 	   -0.8000 n	   -0.9239 	    0.3827 	    0.0000 i	96
 	v 	    0.0484 	   -0.0064 	   -0.8000 n	   -0.9917 	    0.1288 	    0.0000 i	96
 	v 	    0.0484 	   -0.0064 	   -0.7988 n	   -0.9917 	    0.1288 	    0.0000 i	96
 	v 	    0.0451 	   -0.0187 	   -0.7988 n	   -0.9239 	    0.3827 	    0.0000 i	96
p 	13 	4
 	n 	    1.0000 	    0.0000 	    0.0000	i 	63
 	v 	    0.0484 	   -0.0064 	   -0.8000 n	   -0.9917 	    0.1288 	    0.0000 i	96
 	v 	    0.0484 	    0.0064 	   -0.8000 n	   -0.9917 	   -0.1288 	    0.0000 i	96
 	v 	    0.0484 	    0.0064 	   -0.7988 n	   -0.9917 	   -0.1288 	    0.0000 i	96
 	v 	    0.0484 	   -0.0064 	   -0.7988 n	   -0.9917 	    0.1288 	    0.0000 i	96
p 	14 	4
 	n 	    0.9668 	    0.2556 	   -0.0000	i 	63
 	v 	    0.0484 	    0.0064 	   -0.8000 n	   -0.9917 	   -0.1288 	    0.0000 i	96
 	v 	    0.0451 	    0.0187 	   -0.8000 n	   -0.9239 	   -0.3827 	    0.0000 i	96
 	v 	    0.0451 	    0.0187 	   -0.7988 n	   -0.9239 	   -0.3827 	    0.0000 i	96
 	v 	    0.0484 	    0.0064 	   -0.7988 n	   -0.9917 	   -0.1288 	    0.0000 i	96
p 	15 	4
 	n 	    0.8644 	    0.5028 	   -0.0000	i 	63
 	v 	    0.0451 	    0.0187 	   -0.8000 n	   -0.9239 	   -0.3827 	    0.0000 i	96
 	v 	    0.0387 	    0.0297 	   -0.8000 n	   -0.7923 	   -0.6101 	    0.0000 i	96
 	v 	    0.0387 	    0.0297 	   -0.7988 n	   -0.7923 	   -0.6102 	    0.0000 i	96
 	v 	    0.0451 	    0.0187 	   -0.7988 n	   -0.9239 	   -0.3827 	    0.0000 i	96
p 	16 	4
 	n 	    0.7071 	    0.7071 	   -0.0000	i 	63
 	v 	    0.0387 	    0.0297 	   -0.8000 n	   -0.7923 	   -0.6101 	    0.0000 i	96
 	v 	    0.0297 	    0.0387 	   -0.8000 n	   -0.6101 	   -0.7923 	    0.0000 i	96
 	v 	    0.0297 	    0.0387 	   -0.7988 n	   -0.6102 	   -0.7923 	    0.0000 i	96
 	v 	    0.0387 	    0.0297 	   -0.7988 n	   -0.7923 	   -0.6102 	    0.0000 i	96
p 	17 	4
 	n 	    0.5028 	    0.8644 	   -0.0000	i 	63
 	v 	    0.0297 	    0.0387 	   -0.8000 n	   -0.6101 	   -0.7923 	    0.0000 i	96
 	v 	    0.0187 	    0.0451 	   -0.8000 n	   -0.3827 	   -0.9239 	    0.0000 i	96
 	v 	    0.0187 	    0.0451 	   -0.7988 n	   -0.3827 	   -0.9239 	    0.0000 i	96
 	v 	    0.0297 	    0.0387 	   -0.7988 n	   -0.6102 	   -0.7923 	    0.0000 i	96
p 	18 	4
 	n 	    0.2556 	    0.9668 	   -0.0000	i 	63
 	v 	    0.0187 	    0.0451 	   -0.8000 n	   -0.3827 	   -0.9239 	    0.0000 i	96
 	v 	    0.0064 	    0.0484 	   -0.8000 n	   -0.1288 	   -0.9917 	    0.0000 i	96
 	v 	    0.0064 	    0.0484 	   -0.7988 n	   -0.1288 	   -0.9917 	    0.0000 i	96
 	v 	    0.0187 	    0.0451 	   -0.7988 n	   -0.3827 	   -0.9239 	    0.0000 i	96
p 	19 	4
 	n 	    0.0000 	    1.0000 	   -0.0000	i 	63
 	v 	    0.0064 	    0.0484 	   -0.8000 n	   -0.1288 	   -0.9917 	    0.0000 i	96
 	v 	   -0.0064 	    0.0484 	   -0.8000 n	    0.1288 	   -0.9917 	    0.0000 i	96
 	v 	   -0.0064 	    0.0484 	   -0.7988 n	    0.1288 	   -0.9917 	    0.0000 i	96
 	v 	    0.0064 	    0.0484 	   -0.7988 n	   -0.1288 	   -0.9917 	    0.0000 i	96
p 	20 	4
 	n 	   -0.2556 	    0.9668 	    0.0000	i 	63
 	v 	   -0.0064 	    0.0484 	   -0.8000 n	    0.1288 	   -0.9917 	    0.0000 i	96
 	v 	   -0.0187 	    0.0451 	   -0.8000 n	    0.3827 	   -0.9239 	    0.0000 i	96
 	v 	   -0.0187 	    0.0451 	   -0.7988 n	    0.3827 	   -0.9239 	    0.0000 i	96
 	v 	   -0.0064 	    0.0484 	   -0.7988 n	    0.1288 	   -0.9917 	    0.0000 i	96
p 	21 	4
 	n 	   -0.5028 	    0.8644 	    0.0000	i 	63
 	v 	   -0.0187 	    0.0451 	   -0.8000 n	    0.3827 	   -0.9239 	    0.0000 i	96
 	v 	   -0.0297 	    0.0387 	   -0.8000 n	    0.6101 	   -0.7923 	    0.0000 i	96
 	v 	   -0.0297 	    0.0387 	   -0.7988 n	    0.6102 	   -0.7923 	    0.0000 i	96
 	v 	   -0.0187 	    0.0451 	   -0.7988 n	    0.3827 	   -0.9239 	    0.0000 i	96
p 	22 	4
 	n 	   -0.7071 	    0.7071 	    0.0000	i 	63
 	v 	   -0.0297 	    0.0387 	   -0.8000 n	    0.6101 	   -0.7923 	    0.0000 i	96
 	v 	   -0.0387 	    0.0297 	   -0.8000 n	    0.7923 	   -0.6101 	    0.0000 i	96
 	v 	   -0.0387 	    0.0297 	   -0.7988 n	    0.7923 	   -0.6102 	    0.0000 i	96
 	v 	   -0.0297 	    0.0387 	   -0.7988 n	    0.6102 	   -0.7923 	    0.0000 i	96
p 	23 	4
 	n 	   -0.8644 	    0.5028 	    0.0000	i 	63
 	v 	   -0.0387 	    0.0297 	   -0.8000 n	    0.7923 	   -0.6101 	    0.0000 i	96
 	v 	   -0.0451 	    0.0187 	   -0.8000 n	    0.9239 	   -0.3827 	    0.0000 i	96
 	v 	   -0.0451 	    0.0187 	   -0.7988 n	    0.9239 	   -0.3827 	    0.0000 i	96
 	v 	   -0.0387 	    0.0297 	   -0.7988 n	    0.7923 	   -0.6102 	    0.0000 i	96
p 	24 	4
 	n 	   -0.9668 	    0.2556 	    0.0000	i 	63
 	v 	   -0.0451 	    0.0187 	   -0.7988 n	    0.9239 	   -0.3827 	    0.0000 i	96
 	v 	   -0.0484 	    0.0064 	   -0.7988 n	    0.9917 	   -0.1288 	    0.0000 i	96
 	v 	   -0.0484 	    0.0064 	   -0.7901 n	    0.9917 	   -0.1288 	    0.0000 i	96
 	v 	   -0.0451 	    0.0187 	   -0.7901 n	    0.9239 	   -0.3827 	    0.0000 i	96
p 	25 	4
 	n 	   -1.0000 	   -0.0000 	    0.0000	i 	63
 	v 	   -0.0484 	    0.0064 	   -0.7988 n	    0.9917 	   -0.1288 	    0.0000 i	96
 	v 	   -0.0484 	   -0.0064 	   -0.7988 n	    0.9917 	    0.1288 	    0.0000 i	96
 	v 	   -0.0484 	   -0.0064 	   -0.7901 n	    0.9917 	    0.1288 	    0.0000 i	96
 	v 	   -0.0484 	    0.0064 	   -0.7901 n	    0.9917 	   -0.1288 	    0.0000 i	96
p 	26 	4
 	n 	   -0.9668 	   -0.2556 	    0.0000	i 	63
 	v 	   -0.0484 	   -0.0064 	   -0.7988 n	    0.9917 	    0.1288 	    0.0000 i	96
 	v 	   -0.0451 	   -0.0187 	   -0.7988 n	    0.9239 	    0.3827 	    0.0000 i	96
 	v 	   -0.0451 	   -0.0187 	   -0.7901 n	    0.9239 	    0.3827 	    0.0000 i	96
 	v 	   -0.0484 	   -0.0064 	   -0.7901 n	    0.9917 	    0.1288 	    0.0000 i	96
p 	27 	4
 	n 	   -0.8644 	   -0.5028 	    0.0000	i 	63
 	v 	   -0.0451 	   -0.0187 	   -0.7988 n	    0.9239 	    0.3827 	    0.0000 i	96
 	v 	   -0.0387 	   -0.0297 	   -0.7988 n	    0.7923 	    0.6102 	    0.0000 i	96
 	v 	   -0.0387 	   -0.0297 	   -0.7901 n	    0.7923 	    0.6102 	    0.0000 i	96
 	v 	   -0.0451 	   -0.0187 	   -0.7901 n	    0.9239 	    0.3827 	    0.0000 i	96
p 	28 	4
 	n 	   -0.7071 	   -0.7071 	    0.0000	i 	63
 	v 	   -0.0387 	   -0.0297 	   -0.7988 n	    0.7923 	    0.6102 	    0.0000 i	96
 	v 	   -0.0297 	   -0.0387 	   -0.7988 n	    0.6102 	    0.7923 	    0.0000 i	96
 	v 	   -0.0297 	   -0.0387 	   -0.7901 n	    0.6102 	    0.7923 	    0.0000 i	96
 	v 	   -0.0387 	   -0.0297 	   -0.7901 n	    0.7923 	    0.6102 	    0.0000 i	96
p 	29 	4
 	n 	   -0.5028 	   -0.8644 	    0.0000	i 	63
 	v 	   -0.0297 	   -0.0387 	   -0.7988 n	    0.6102 	    0.7923 	    0.0000 i	96
 	v 	   -0.0187 	   -0.0451 	   -0.7988 n	    0.3827 	    0.9239 	    0.0000 i	96
 	v 	   -0.0187 	   -0.0451 	   -0.7901 n	    0.3827 	    0.9239 	    0.0000 i	96
 	v 	   -0.0297 	   -0.0387 	   -0.7901 n	    0.6102 	    0.7923 	    0.0000 i	96
p 	30 	4
 	n 	   -0.2556 	   -0.9668 	    0.0000	i 	63
 	v 	   -0.0187 	   -0.0451 	   -0.7988 n	    0.3827 	    0.9239 	    0.0000 i	96
 	v 	   -0.0064 	   -0.0484 	   -0.7988 n	    0.1288 	    0.9917 	    0.0000 i	96
 	v 	   -0.0064 	   -0.0484 	   -0.7901 n	    0.1288 	    0.9917 	    0.0000 i	96
 	v 	   -0.0187 	   -0.0451 	   -0.7901 n	    0.3827 	    0.9239 	    0.0000 i	96
p 	31 	4
 	n 	    0.0000 	   -1.0000 	    0.0000	i 	63
 	v 	   -0.0064 	   -0.0484 	   -0.7988 n	    0.1288 	    0.9917 	    0.0000 i	96
 	v 	    0.0064 	   -0.0484 	   -0.7988 n	   -0.1288 	    0.9917 	    0.0000 i	96
 	v 	    0.0064 	   -0.0484 	   -0.7901 n	   -0.1288 	    0.9917 	    0.0000 i	96
 	v 	   -0.0064 	   -0.0484 	   -0.7901 n	    0.1288 	    0.9917 	    0.0000 i	96
p 	32 	4
 	n 	    0.2556 	   -0.9668 	    0.0000	i 	63
 	v 	    0.0064 	   -0.0484 	   -0.7988 n	   -0.1288 	    0.9917 	    0.0000 i	96
 	v 	    0.0187 	   -0.0451 	   -0.7988 n	   -0.3827 	    0.9239 	    0.0000 i	96
 	v 	    0.0187 	   -0.0451 	   -0.7901 n	   -0.3827 	    0.9239 	    0.0000 i	96
 	v 	    0.0064 	   -0.0484 	   -0.7901 n	   -0.1288 	    0.9917 	    0.0000 i	96
p 	33 	4
 	n 	    0.5028 	   -0.8644 	    0.0000	i 	63
 	v 	    0.0187 	   -0.0451 	   -0.7988 n	   -0.3827 	    0.9239 	    0.0000 i	96
 	v 	    0.0297 	   -0.0387 	   -0.7988 n	   -0.6102 	    0.7923 	    0.0000 i	96
 	v 	    0.0297 	   -0.0387 	   -0.7901 n	   -0.6102 	    0.7923 	    0.0000 i	96
 	v 	    0.0187 	   -0.0451 	   -0.7901 n	   -0.3827 	    0.9239 	    0.0000 i	96
p 	34 	4
 	n 	    0.7071 	   -0.7071 	    0.0000	i 	63
 	v 	    0.0297 	   -0.0387 	   -0.7988 n	   -0.6102 	    0.7923 	    0.0000 i	96
 	v 	    0.0387 	   -0.0297 	   -0.7988 n	   -0.7923 	    0.6102 	    0.0000 i	96
 	v 	    0.0387 	   -0.0297 	   -0.7901 n	   -0.7923 	    0.6102 	    0.0000 i	96
 	v 	    0.0297 	   -0.0387 	   -0.7901 n	   -0.6102 	    0.7923 	    0.0000 i	96
p 	35 	4
 	n 	    0.8644 	   -0.5028 	    0.0000	i 	63
 	v 	    0.0387 	   -0.0297 	   -0.7988 n	   -0.7923 	    0.6102 	    0.0000 i	96
 	v 	    0.0451 	   -0.0187 	   -0.7988 n	   -0.9239 	    0.3827 	    0.0000 i	96
 	v 	    0.0451 	   -0.0187 	   -0.7901 n	   -0.9239 	    0.3827 	    0.0000 i	96
 	v 	    0.0387 	   -0.0297 	   -0.7901 n	   -0.7923 	    0.6102 	    0.0000 i	96
p 	36 	4
 	n 	    0.9668 	   -0.2556 	    0.0000	i 	63
 	v 	    0.0451 	   -0.0187 	   -0.7988 n	   -0.9239 	    0.3827 	    0.0000 i	96
 	v 	    0.0484 	   -0.0064 	   -0.7988 n	   -0.9917 	    0.1288 	    0.0000 i	96
 	v 	    0.0484 	   -0.0064 	   -0.7901 n	   -0.9917 	    0.1288 	    0.0000 i	96
 	v 	    0.0451 	   -0.0187 	   -0.7901 n	   -0.9239 	    0.3827 	    0.0000 i	96
p 	37 	4
 	n 	    1.0000 	   -0.0000 	    0.0000	i 	63
 	v 	    0.0484 	   -0.0064 	   -0.7988 n	   -0.9917 	    0.1288 	    0.0000 i	96
 	v 	    0.0484 	    0.0064 	   -0.7988 n	   -0.9917 	   -0.1288 	    0.0000 i	96
 	v 	    0.0484 	    0.0064 	   -0.7901 n	   -0.9917 	   -0.1288 	    0.0000 i	96
 	v 	    0.0484 	   -0.0064 	   -0.7901 n	   -0.9917 	    0.1288 	    0.0000 i	96
p 	38 	4
 	n 	    0.9668 	    0.2556 	   -0.0000	i 	63
 	v 	    0.0484 	    0.0064 	   -0.7988 n	   -0.9917 	   -0.1288 	    0.0000 i	96
 	v 	    0.0451 	    0.0187 	   -0.7988 n	   -0.9239 	   -0.3827 	    0.0000 i	96
 	v 	    0.0451 	    0.0187 	   -0.7901 n	   -0.9239 	   -0.3827 	    0.0000 i	96
 	v 	    0.0484 	    0.0064 	   -0.7901 n	   -0.9917 	   -0.1288 	    0.0000 i	96
p 	39 	4
 	n 	    0.8644 	    0.5028 	   -0.0000	i 	63
 	v 	    0.0451 	    0.0187 	   -0.7988 n	   -0.9239 	   -0.3827 	    0.0000 i	96
 	v 	    0.0387 	    0.0297 	   -0.7988 n	   -0.7923 	   -0.6102 	    0.0000 i	96
 	v 	    0.0387 	    0.0297 	   -0.7901 n	   -0.7923 	   -0.6102 	    0.0000 i	96
 	v 	    0.0451 	    0.0187 	   -0.7901 n	   -0.9239 	   -0.3827 	    0.0000 i	96
p 	40 	4
 	n 	    0.7071 	    0.7071 	   -0.0000	i 	63
 	v 	    0.0387 	    0.0297 	   -0.7988 n	   -0.7923 	   -0.6102 	    0.0000 i	96
 	v 	    0.0297 	    0.0387 	   -0.7988 n	   -0.6102 	   -0.7923 	    0.0000 i	96
 	v 	    0.0297 	    0.0387 	   -0.7901 n	   -0.6102 	   -0.7923 	    0.0000 i	96
 	v 	    0.0387 	    0.0297 	   -0.7901 n	   -0.7923 	   -0.6102 	    0.0000 i	96
p 	41 	4
 	n 	    0.5028 	    0.8644 	   -0.0000	i 	63
 	v 	    0.0297 	    0.0387 	   -0.7988 n	   -0.6102 	   -0.7923 	    0.0000 i	96
 	v 	    0.0187 	    0.0451 	   -0.7988 n	   -0.3827 	   -0.9239 	    0.0000 i	96
 	v 	    0.0187 	    0.0451 	   -0.7901 n	   -0.3827 	   -0.9239 	    0.0000 i	96
 	v 	    0.0297 	    0.0387 	   -0.7901 n	   -0.6102 	   -0.7923 	    0.0000 i	96
p 	42 	4
 	n 	    0.2556 	    0.9668 	   -0.0000	i 	63
 	v 	    0.0187 	    0.0451 	   -0.7988 n	   -0.3827 	   -0.9239 	    0.0000 i	96
 	v 	    0.0064 	    0.0484 	   -0.7988 n	   -0.1288 	   -0.9917 	    0.0000 i	96
 	v 	    0.0064 	    0.0484 	   -0.7901 n	   -0.1288 	   -0.9917 	    0.0000 i	96
 	v 	    0.0187 	    0.0451 	   -0.7901 n	   -0.3827 	   -0.9239 	    0.0000 i	96
p 	43 	4
 	n 	    0.0000 	    1.0000 	   -0.0000	i 	63
 	v 	    0.0064 	    0.0484 	   -0.7988 n	   -0.1288 	   -0.9917 	    0.0000 i	96
 	v 	   -0.0064 	    0.0484 	   -0.7988 n	    0.1288 	   -0.9917 	    0.0000 i	96
 	v 	   -0.0064 	    0.0484 	   -0.7901 n	    0.1288 	   -0.9917 	    0.0000 i	96
 	v 	    0.0064 	    0.0484 	   -0.7901 n	   -0.1288 	   -0.9917 	    0.0000 i	96
p 	44 	4
 	n 	   -0.2556 	    0.9668 	    0.0000	i 	63
 	v 	   -0.0064 	    0.0484 	   -0.7988 n	    0.1288 	   -0.9917 	    0.0000 i	96
 	v 	   -0.0187 	    0.0451 	   -0.7988 n	    0.3827 	   -0.9239 	    0.0000 i	96
 	v 	   -0.0187 	    0.0451 	   -0.7901 n	    0.3827 	   -0.9239 	    0.0000 i	96
 	v 	   -0.0064 	    0.0484 	   -0.7901 n	    0.1288 	   -0.9917 	    0.0000 i	96
p 	45 	4
 	n 	   -0.5028 	    0.8644 	    0.0000	i 	63
 	v 	   -0.0187 	    0.0451 	   -0.7988 n	    0.3827 	   -0.9239 	    0.0000 i	96
 	v 	   -0.0297 	    0.0387 	   -0.7988 n	    0.6102 	   -0.7923 	    0.0000 i	96
 	v 	   -0.0297 	    0.0387 	   -0.7901 n	    0.6102 	   -0.7923 	    0.0000 i	96
 	v 	   -0.0187 	    0.0451 	   -0.7901 n	    0.3827 	   -0.9239 	    0.0000 i	96
p 	46 	4
 	n 	   -0.7071 	    0.7071 	    0.0000	i 	63
 	v 	   -0.0297 	    0.0387 	   -0.7988 n	    0.6102 	   -0.7923 	    0.0000 i	96
 	v 	   -0.0387 	    0.0297 	   -0.7988 n	    0.7923 	   -0.6102 	    0.0000 i	96
 	v 	   -0.0387 	    0.0297 	   -0.7901 n	    0.7923 	   -0.6102 	    0.0000 i	96
 	v 	   -0.0297 	    0.0387 	   -0.7901 n	    0.6102 	   -0.7923 	    0.0000 i	96
p 	47 	4
 	n 	   -0.8644 	    0.5028 	    0.0000	i 	63
 	v 	   -0.0387 	    0.0297 	   -0.7988 n	    0.7923 	   -0.6102 	    0.0000 i	96
 	v 	   -0.0451 	    0.0187 	   -0.7988 n	    0.9239 	   -0.3827 	    0.0000 i	96
 	v 	   -0.0451 	    0.0187 	   -0.7901 n	    0.9239 	   -0.3827 	    0.0000 i	96
 	v 	   -0.0387 	    0.0297 	   -0.7901 n	    0.7923 	   -0.6102 	    0.0000 i	96
p 	48 	4
 	n 	   -0.9668 	    0.2556 	    0.0000	i 	63
 	v 	   -0.0451 	    0.0187 	   -0.7901 n	    0.9239 	   -0.3827 	    0.0000 i	96
 	v 	   -0.0484 	    0.0064 	   -0.7901 n	    0.9917 	   -0.1288 	    0.0000 i	96
 	v 	   -0.0484 	    0.0064 	   -0.7667 n	    0.9917 	   -0.1288 	    0.0000 i	96
 	v 	   -0.0451 	    0.0187 	   -0.7667 n	    0.9239 	   -0.3827 	   -0.0000 i	96
p 	49 	4
 	n 	   -1.0000 	    0.0000 	    0.0000	i 	63
 	v 	   -0.0484 	    0.0064 	   -0.7901 n	    0.9917 	   -0.1288 	    0.0000 i	96
 	v 	   -0.0484 	   -0.0064 	   -0.7901 n	    0.9917 	    0.1288 	    0.0000 i	96
 	v 	   -0.0484 	   -0.0064 	   -0.7667 n	    0.9917 	    0.1288 	   -0.0000 i	96
 	v 	   -0.0484 	    0.0064 	   -0.7667 n	    0.9917 	   -0.1288 	    0.0000 i	96
p 	50 	4
 	n 	   -0.9668 	   -0.2556 	    0.0000	i 	63
 	v 	   -0.0484 	   -0.0064 	   -0.7901 n	    0.9917 	    0.1288 	    0.0000 i	96
 	v 	   -0.0451 	   -0.0187 	   -0.7901 n	    0.9239 	    0.3827 	    0.0000 i	96
 	v 	   -0.0451 	   -0.0187 	   -0.7667 n	    0.9239 	    0.3827 	   -0.0000 i	96
 	v 	   -0.0484 	   -0.0064 	   -0.7667 n	    0.9917 	    0.1288 	   -0.0000 i	96
p 	51 	4
 	n 	   -0.8644 	   -0.5028 	    0.0000	i 	63
 	v 	   -0.0451 	   -0.0187 	   -0.7901 n	    0.9239 	    0.3827 	    0.0000 i	96
 	v 	   -0.0387 	   -0.0297 	   -0.7901 n	    0.7923 	    0.6102 	    0.0000 i	96
 	v 	   -0.0387 	   -0.0297 	   -0.7667 n	    0.7923 	    0.6102 	   -0.0000 i	96
 	v 	   -0.0451 	   -0.0187 	   -0.7667 n	    0.9239 	    0.3827 	   -0.0000 i	96
p 	52 	4
 	n 	   -0.7071 	   -0.7071 	    0.0000	i 	63
 	v 	   -0.0387 	   -0.0297 	   -0.7901 n	    0.7923 	    0.6102 	    0.0000 i	96
 	v 	   -0.0297 	   -0.0387 	   -0.7901 n	    0.6102 	    0.7923 	    0.0000 i	96
 	v 	   -0.0297 	   -0.0387 	   -0.7667 n	    0.6102 	    0.7923 	   -0.0000 i	96
 	v 	   -0.0387 	   -0.0297 	   -0.7667 n	    0.7923 	    0.6102 	   -0.0000 i	96
p 	53 	4
 	n 	   -0.5028 	   -0.8644 	    0.0000	i 	63
 	v 	   -0.0297 	   -0.0387 	   -0.7901 n	    0.6102 	    0.7923 	    0.0000 i	96
 	v 	   -0.0187 	   -0.0451 	   -0.7901 n	    0.3827 	    0.9239 	    0.0000 i	96
 	v 	   -0.0187 	   -0.0451 	   -0.7667 n	    0.3827 	    0.9239 	   -0.0000 i	96
 	v 	   -0.0297 	   -0.0387 	   -0.7667 n	    0.6102 	    0.7923 	   -0.0000 i	96
p 	54 	4
 	n 	   -0.2556 	   -0.9668 	    0.0000	i 	63
 	v 	   -0.0187 	   -0.0451 	   -0.7901 n	    0.3827 	    0.9239 	    0.0000 i	96
 	v 	   -0.0064 	   -0.0484 	   -0.7901 n	    0.1288 	    0.9917 	    0.0000 i	96
 	v 	   -0.0064 	   -0.0484 	   -0.7667 n	    0.1288 	    0.9917 	   -0.0001 i	96
 	v 	   -0.0187 	   -0.0451 	   -0.7667 n	    0.3827 	    0.9239 	   -0.0000 i	96
p 	55 	4
 	n 	    0.0000 	   -1.0000 	    0.0000	i 	63
 	v 	   -0.0064 	   -0.0484 	   -0.7901 n	    0.1288 	    0.9917 	    0.0000 i	96
 	v 	    0.0064 	   -0.0484 	   -0.7901 n	   -0.1288 	    0.9917 	    0.0000 i	96
 	v 	    0.0064 	   -0.0484 	   -0.7667 n	   -0.1288 	    0.9917 	   -0.0001 i	96
 	v 	   -0.0064 	   -0.0484 	   -0.7667 n	    0.1288 	    0.9917 	   -0.0001 i	96
p 	56 	4
 	n 	    0.2556 	   -0.9668 	    0.0000	i 	63
 	v 	    0.0064 	   -0.0484 	   -0.7901 n	   -0.1288 	    0.9917 	    0.0000 i	96
 	v 	    0.0187 	   -0.0451 	   -0.7901 n	   -0.3827 	    0.9239 	    0.0000 i	96
 	v 	    0.0187 	   -0.0451 	   -0.7667 n	   -0.3827 	    0.9239 	   -0.0000 i	96
 	v 	    0.0064 	   -0.0484 	   -0.7667 n	   -0.1288 	    0.9917 	   -0.0001 i	96
p 	57 	4
 	n 	    0.5028 	   -0.8644 	    0.0000	i 	63
 	v 	    0.0187 	   -0.0451 	   -0.7901 n	   -0.3827 	    0.9239 	    0.0000 i	96
 	v 	    0.0297 	   -0.0387 	   -0.7901 n	   -0.6102 	    0.7923 	    0.0000 i	96
 	v 	    0.0297 	   -0.0387 	   -0.7667 n	   -0.6102 	    0.7923 	   -0.0000 i	96
 	v 	    0.0187 	   -0.0451 	   -0.7667 n	   -0.3827 	    0.9239 	   -0.0000 i	96
p 	58 	4
 	n 	    0.7071 	   -0.7071 	    0.0000	i 	63
 	v 	    0.0297 	   -0.0387 	   -0.7901 n	   -0.6102 	    0.7923 	    0.0000 i	96
 	v 	    0.0387 	   -0.0297 	   -0.7901 n	   -0.7923 	    0.6102 	    0.0000 i	96
 	v 	    0.0387 	   -0.0297 	   -0.7667 n	   -0.7923 	    0.6102 	   -0.0000 i	96
 	v 	    0.0297 	   -0.0387 	   -0.7667 n	   -0.6102 	    0.7923 	   -0.0000 i	96
p 	59 	4
 	n 	    0.8644 	   -0.5028 	    0.0000	i 	63
 	v 	    0.0387 	   -0.0297 	   -0.7901 n	   -0.7923 	    0.6102 	    0.0000 i	96
 	v 	    0.0451 	   -0.0187 	   -0.7901 n	   -0.9239 	    0.3827 	    0.0000 i	96
 	v 	    0.0451 	   -0.0187 	   -0.7667 n	   -0.9239 	    0.3827 	   -0.0000 i	96
 	v 	    0.0387 	   -0.0297 	   -0.7667 n	   -0.7923 	    0.6102 	   -0.0000 i	96
p 	60 	4
 	n 	    0.9668 	   -0.2556 	    0.0000	i 	63
 	v 	    0.0451 	   -0.0187 	   -0.7901 n	   -0.9239 	    0.3827 	    0.0000 i	96
 	v 	    0.0484 	   -0.0064 	   -0.7901 n	   -0.9917 	    0.1288 	    0.0000 i	96
 	v 	    0.0484 	   -0.0064 	   -0.7667 n	   -0.9917 	    0.1288 	    0.0000 i	96
 	v 	    0.0451 	   -0.0187 	   -0.7667 n	   -0.9239 	    0.3827 	   -0.0000 i	96
p 	61 	4
 	n 	    1.0000 	    0.0000 	    0.0000	i 	63
 	v 	    0.0484 	   -0.0064 	   -0.7901 n	   -0.9917 	    0.1288 	    0.0000 i	96
 	v 	    0.0484 	    0.0064 	   -0.7901 n	   -0.9917 	   -0.1288 	    0.0000 i	96
 	v 	    0.0484 	    0.0064 	   -0.7667 n	   -0.9917 	   -0.1288 	   -0.0000 i	96
 	v 	    0.0484 	   -0.0064 	   -0.7667 n	   -0.9917 	    0.1288 	    0.0000 i	96
p 	62 	4
 	n 	    0.9668 	    0.2556 	   -0.0000	i 	63
 	v 	    0.0484 	    0.0064 	   -0.7901 n	   -0.9917 	   -0.1288 	    0.0000 i	96
 	v 	    0.0451 	    0.0187 	   -0.7901 n	   -0.9239 	   -0.3827 	    0.0000 i	96
 	v 	    0.0451 	    0.0187 	   -0.7667 n	   -0.9239 	   -0.3827 	   -0.0000 i	96
 	v 	    0.0484 	    0.0064 	   -0.7667 n	   -0.9917 	   -0.1288 	   -0.0000 i	96
p 	63 	4
 	n 	    0.8644 	    0.5028 	   -0.0000	i 	63
 	v 	    0.0451 	    0.0187 	   -0.7901 n	   -0.9239 	   -0.3827 	    0.0000 i	96
 	v 	    0.0387 	    0.0297 	   -0.7901 n	   -0.7923 	   -0.6102 	    0.0000 i	96
 	v 	    0.0387 	    0.0297 	   -0.7667 n	   -0.7923 	   -0.6102 	   -0.0000 i	96
 	v 	    0.0451 	    0.0187 	   -0.7667 n	   -0.9239 	   -0.3827 	   -0.0000 i	96
p 	64 	4
 	n 	    0.7071 	    0.7071 	   -0.0000	i 	63
 	v 	    0.0387 	    0.0297 	   -0.7901 n	   -0.7923 	   -0.6102 	    0.0000 i	96
 	v 	    0.0297 	    0.0387 	   -0.7901 n	   -0.6102 	   -0.7923 	    0.0000 i	96
 	v 	    0.0297 	    0.0387 	   -0.7667 n	   -0.6102 	   -0.7923 	   -0.0000 i	96
 	v 	    0.0387 	    0.0297 	   -0.7667 n	   -0.7923 	   -0.6102 	   -0.0000 i	96
p 	65 	4
 	n 	    0.5028 	    0.8644 	   -0.0000	i 	63
 	v 	    0.0297 	    0.0387 	   -0.7901 n	   -0.6102 	   -0.7923 	    0.0000 i	96
 	v 	    0.0187 	    0.0451 	   -0.7901 n	   -0.3827 	   -0.9239 	    0.0000 i	96
 	v 	    0.0187 	    0.0451 	   -0.7667 n	   -0.3827 	   -0.9239 	   -0.0000 i	96
 	v 	    0.0297 	    0.0387 	   -0.7667 n	   -0.6102 	   -0.7923 	   -0.0000 i	96
p 	66 	4
 	n 	    0.2556 	    0.9668 	   -0.0000	i 	63
 	v 	    0.0187 	    0.0451 	   -0.7901 n	   -0.3827 	   -0.9239 	    0.0000 i	96
 	v 	    0.0064 	    0.0484 	   -0.7901 n	   -0.1288 	   -0.9917 	    0.0000 i	96
 	v 	    0.0064 	    0.0484 	   -0.7667 n	   -0.1288 	   -0.9917 	   -0.0001 i	96
 	v 	    0.0187 	    0.0451 	   -0.7667 n	   -0.3827 	   -0.9239 	   -0.0000 i	96
p 	67 	4
 	n 	    0.0000 	    1.0000 	   -0.0000	i 	63
 	v 	    0.0064 	    0.0484 	   -0.7901 n	   -0.1288 	   -0.9917 	    0.0000 i	96
 	v 	   -0.0064 	    0.0484 	   -0.7901 n	    0.1288 	   -0.9917 	    0.0000 i	96
 	v 	   -0.0064 	    0.0484 	   -0.7667 n	    0.1288 	   -0.9917 	   -0.0001 i	96
 	v 	    0.0064 	    0.0484 	   -0.7667 n	   -0.1288 	   -0.9917 	   -0.0001 i	96
p 	68 	4
 	n 	   -0.2556 	    0.9668 	    0.0000	i 	63
 	v 	   -0.0064 	    0.0484 	   -0.7901 n	    0.1288 	   -0.9917 	    0.0000 i	96
 	v 	   -0.0187 	    0.0451 	   -0.7901 n	    0.3827 	   -0.9239 	    0.0000 i	96
 	v 	   -0.0187 	    0.0451 	   -0.7667 n	    0.3827 	   -0.9239 	   -0.0000 i	96
 	v 	   -0.0064 	    0.0484 	   -0.7667 n	    0.1288 	   -0.9917 	   -0.0001 i	96
p 	69 	4
 	n 	   -0.5028 	    0.8644 	    0.0000	i 	63
 	v 	   -0.0187 	    0.0451 	   -0.7901 n	    0.3827 	   -0.9239 	    0.0000 i	96
 	v 	   -0.0297 	    0.0387 	   -0.7901 n	    0.6102 	   -0.7923 	    0.0000 i	96
 	v 	   -0.0297 	    0.0387 	   -0.7667 n	    0.6102 	   -0.7923 	   -0.0000 i	96
 	v 	   -0.0187 	    0.0451 	   -0.7667 n	    0.3827 	   -0.9239 	   -0.0000 i	96
p 	70 	4
 	n 	   -0.7071 	    0.7071 	    0.0000	i 	63
 	v 	   -0.0297 	    0.0387 	   -0.7901 n	    0.6102 	   -0.7923 	    0.0000 i	96
 	v 	   -0.0387 	    0.0297 	   -0.7901 n	    0.7923 	   -0.6102 	    0.0000 i	96
 	v 	   -0.0387 	    0.0297 	   -0.7667 n	    0.7923 	   -0.6102 	   -0.0000 i	96
 	v 	   -0.0297 	    0.0387 	   -0.7667 n	    0.6102 	   -0.7923 	   -0.0000 i	96
p 	71 	4
 	n 	   -0.8644 	    0.5028 	    0.0000	i 	63
 	v 	   -0.0387 	    0.0297 	   -0.7901 n	    0.7923 	   -0.6102 	    0.0000 i	96
 	v 	   -0.0451 	    0.0187 	   -0.7901 n	    0.9239 	   -0.3827 	    0.0000 i	96
 	v 	   -0.0451 	    0.0187 	   -0.7667 n	    0.9239 	   -0.3827 	   -0.0000 i	96
 	v 	   -0.0387 	    0.0297 	   -0.7667 n	    0.7923 	   -0.6102 	   -0.0000 i	96
p 	72 	4
 	n 	   -0.9668 	    0.2556 	    0.0000	i 	63
 	v 	   -0.0451 	    0.0187 	   -0.7667 n	    0.9239 	   -0.3827 	   -0.0000 i	96
 	v 	   -0.0484 	    0.0064 	   -0.7667 n	    0.9917 	   -0.1288 	    0.0000 i	96
 	v 	   -0.0484 	    0.0064 	   -0.7235 n	    0.9917 	   -0.1288 	   -0.0000 i	96
 	v 	   -0.0451 	    0.0187 	   -0.7234 n	    0.9239 	   -0.3827 	   -0.0000 i	96
p 	73 	4
 	n 	   -1.0000 	    0.0000 	    0.0000	i 	63
 	v 	   -0.0484 	    0.0064 	   -0.7667 n	    0.9917 	   -0.1288 	    0.0000 i	96
 	v 	   -0.0484 	   -0.0064 	   -0.7667 n	    0.9917 	    0.1288 	   -0.0000 i	96
 	v 	   -0.0484 	   -0.0064 	   -0.7235 n	    0.9917 	    0.1287 	   -0.0000 i	96
 	v 	   -0.0484 	    0.0064 	   -0.7235 n	    0.9917 	   -0.1288 	   -0.0000 i	96
p 	74 	4
 	n 	   -0.9668 	   -0.2556 	    0.0000	i 	63
 	v 	   -0.0484 	   -0.0064 	   -0.7667 n	    0.9917 	    0.1288 	   -0.0000 i	96
 	v 	   -0.0451 	   -0.0187 	   -0.7667 n	    0.9239 	    0.3827 	   -0.0000 i	96
 	v 	   -0.0451 	   -0.0187 	   -0.7235 n	    0.9239 	    0.3826 	   -0.0001 i	96
 	v 	   -0.0484 	   -0.0064 	   -0.7235 n	    0.9917 	    0.1287 	   -0.0000 i	96
p 	75 	4
 	n 	   -0.8644 	   -0.5028 	    0.0000	i 	63
 	v 	   -0.0451 	   -0.0187 	   -0.7667 n	    0.9239 	    0.3827 	   -0.0000 i	96
 	v 	   -0.0387 	   -0.0297 	   -0.7667 n	    0.7923 	    0.6102 	   -0.0000 i	96
 	v 	   -0.0387 	   -0.0297 	   -0.7235 n	    0.7923 	    0.6101 	   -0.0001 i	96
 	v 	   -0.0451 	   -0.0187 	   -0.7235 n	    0.9239 	    0.3826 	   -0.0001 i	96
p 	76 	4
 	n 	   -0.7071 	   -0.7071 	    0.0000	i 	63
 	v 	   -0.0387 	   -0.0297 	   -0.7667 n	    0.7923 	    0.6102 	   -0.0000 i	96
 	v 	   -0.0297 	   -0.0387 	   -0.7667 n	    0.6102 	    0.7923 	   -0.0000 i	96
 	v 	   -0.0297 	   -0.0387 	   -0.7235 n	    0.6102 	    0.7923 	   -0.0002 i	96
 	v 	   -0.0387 	   -0.0297 	   -0.7235 n	    0.7923 	    0.6101 	   -0.0001 i	96
p 	77 	4
 	n 	   -0.5028 	   -0.8644 	    0.0001	i 	63
 	v 	   -0.0297 	   -0.0387 	   -0.7667 n	    0.6102 	    0.7923 	   -0.0000 i	96
 	v 	   -0.0187 	   -0.0451 	   -0.7667 n	    0.3827 	    0.9239 	   -0.0000 i	96
 	v 	   -0.0187 	   -0.0451 	   -0.7235 n	    0.3827 	    0.9239 	   -0.0003 i	96
 	v 	   -0.0297 	   -0.0387 	   -0.7235 n	    0.6102 	    0.7923 	   -0.0002 i	96
p 	78 	4
 	n 	   -0.2556 	   -0.9668 	    0.0001	i 	63
 	v 	   -0.0187 	   -0.0451 	   -0.7667 n	    0.3827 	    0.9239 	   -0.0000 i	96
 	v 	   -0.0064 	   -0.0484 	   -0.7667 n	    0.1288 	    0.9917 	   -0.0001 i	96
 	v 	   -0.0064 	   -0.0484 	   -0.7235 n	    0.1287 	    0.9917 	   -0.0003 i	96
 	v 	   -0.0187 	   -0.0451 	   -0.7235 n	    0.3827 	    0.9239 	   -0.0003 i	96
p 	79 	4
 	n 	    0.0000 	   -1.0000 	    0.0001	i 	63
 	v 	   -0.0064 	   -0.0484 	   -0.7667 n	    0.1288 	    0.9917 	   -0.0001 i	96
 	v 	    0.0064 	   -0.0484 	   -0.7667 n	   -0.1288 	    0.9917 	   -0.0001 i	96
 	v 	    0.0064 	   -0.0484 	   -0.7235 n	   -0.1288 	    0.9917 	   -0.0003 i	96
 	v 	   -0.0064 	   -0.0484 	   -0.7235 n	    0.1287 	    0.9917 	   -0.0003 i	96
p 	80 	4
 	n 	    0.2556 	   -0.9668 	    0.0001	i 	63
 	v 	    0.0064 	   -0.0484 	   -0.7667 n	   -0.1288 	    0.9917 	   -0.0001 i	96
 	v 	    0.0187 	   -0.0451 	   -0.7667 n	   -0.3827 	    0.9239 	   -0.0000 i	96
 	v 	    0.0187 	   -0.0451 	   -0.7235 n	   -0.3827 	    0.9239 	   -0.0002 i	96
 	v 	    0.0064 	   -0.0484 	   -0.7235 n	   -0.1288 	    0.9917 	   -0.0003 i	96
p 	81 	4
 	n 	    0.5028 	   -0.8644 	    0.0001	i 	63
 	v 	    0.0187 	   -0.0451 	   -0.7667 n	   -0.3827 	    0.9239 	   -0.0000 i	96
 	v 	    0.0297 	   -0.0387 	   -0.7667 n	   -0.6102 	    0.7923 	   -0.0000 i	96
 	v 	    0.0297 	   -0.0387 	   -0.7235 n	   -0.6102 	    0.7923 	   -0.0002 i	96
 	v 	    0.0187 	   -0.0451 	   -0.7235 n	   -0.3827 	    0.9239 	   -0.0002 i	96
p 	82 	4
 	n 	    0.7071 	   -0.7071 	    0.0000	i 	63
 	v 	    0.0297 	   -0.0387 	   -0.7667 n	   -0.6102 	    0.7923 	   -0.0000 i	96
 	v 	    0.0387 	   -0.0297 	   -0.7667 n	   -0.7923 	    0.6102 	   -0.0000 i	96
 	v 	    0.0387 	   -0.0297 	   -0.7235 n	   -0.7923 	    0.6101 	   -0.0001 i	96
 	v 	    0.0297 	   -0.0387 	   -0.7235 n	   -0.6102 	    0.7923 	   -0.0002 i	96
p 	83 	4
 	n 	    0.8644 	   -0.5028 	    0.0000	i 	63
 	v 	    0.0387 	   -0.0297 	   -0.7667 n	   -0.7923 	    0.6102 	   -0.0000 i	96
 	v 	    0.0451 	   -0.0187 	   -0.7667 n	   -0.9239 	    0.3827 	   -0.0000 i	96
 	v 	    0.0451 	   -0.0187 	   -0.7235 n	   -0.9239 	    0.3826 	   -0.0000 i	96
 	v 	    0.0387 	   -0.0297 	   -0.7235 n	   -0.7923 	    0.6101 	   -0.0001 i	96
p 	84 	4
 	n 	    0.9668 	   -0.2556 	    0.0000	i 	63
 	v 	    0.0451 	   -0.0187 	   -0.7667 n	   -0.9239 	    0.3827 	   -0.0000 i	96
 	v 	    0.0484 	   -0.0064 	   -0.7667 n	   -0.9917 	    0.1288 	    0.0000 i	96
 	v 	    0.0484 	   -0.0064 	   -0.7235 n	   -0.9917 	    0.1287 	   -0.0000 i	96
 	v 	    0.0451 	   -0.0187 	   -0.7235 n	   -0.9239 	    0.3826 	   -0.0000 i	96
p 	85 	4
 	n 	    1.0000 	    0.0000 	    0.0000	i 	63
 	v 	    0.0484 	   -0.0064 	   -0.7667 n	   -0.9917 	    0.1288 	    0.0000 i	96
 	v 	    0.0484 	    0.0064 	   -0.7667 n	   -0.9917 	   -0.1288 	   -0.0000 i	96
 	v 	    0.0484 	    0.0064 	   -0.7235 n	   -0.9917 	   -0.1288 	   -0.0000 i	96
 	v 	    0.0484 	   -0.0064 	   -0.7235 n	   -0.9917 	    0.1287 	   -0.0000 i	96
p 	86 	4
 	n 	    0.9668 	    0.2556 	    0.0000	i 	63
 	v 	    0.0484 	    0.0064 	   -0.7667 n	   -0.9917 	   -0.1288 	   -0.0000 i	96
 	v 	    0.0451 	    0.0187 	   -0.7667 n	   -0.9239 	   -0.3827 	   -0.0000 i	96
 	v 	    0.0451 	    0.0187 	   -0.7234 n	   -0.9239 	   -0.3827 	   -0.0001 i	96
 	v 	    0.0484 	    0.0064 	   -0.7235 n	   -0.9917 	   -0.1288 	   -0.0000 i	96
p 	87 	4
 	n 	    0.8644 	    0.5028 	    0.0000	i 	63
 	v 	    0.0451 	    0.0187 	   -0.7667 n	   -0.9239 	   -0.3827 	   -0.0000 i	96
 	v 	    0.0387 	    0.0297 	   -0.7667 n	   -0.7923 	   -0.6102 	   -0.0000 i	96
 	v 	    0.0387 	    0.0297 	   -0.7234 n	   -0.7922 	   -0.6102 	   -0.0001 i	96
 	v 	    0.0451 	    0.0187 	   -0.7234 n	   -0.9239 	   -0.3827 	   -0.0001 i	96
p 	88 	4
 	n 	    0.7071 	    0.7071 	    0.0000	i 	63
 	v 	    0.0387 	    0.0297 	   -0.7667 n	   -0.7923 	   -0.6102 	   -0.0000 i	96
 	v 	    0.0297 	    0.0387 	   -0.7667 n	   -0.6102 	   -0.7923 	   -0.0000 i	96
 	v 	    0.0297 	    0.0387 	   -0.7234 n	   -0.6101 	   -0.7923 	   -0.0002 i	96
 	v 	    0.0387 	    0.0297 	   -0.7234 n	   -0.7922 	   -0.6102 	   -0.0001 i	96
p 	89 	4
 	n 	    0.5028 	    0.8644 	    0.0001	i 	63
 	v 	    0.0297 	    0.0387 	   -0.7667 n	   -0.6102 	   -0.7923 	   -0.0000 i	96
 	v 	    0.0187 	    0.0451 	   -0.7667 n	   -0.3827 	   -0.9239 	   -0.0000 i	96
 	v 	    0.0187 	    0.0451 	   -0.7234 n	   -0.3826 	   -0.9239 	   -0.0003 i	96
 	v 	    0.0297 	    0.0387 	   -0.7234 n	   -0.6101 	   -0.7923 	   -0.0002 i	96
p 	90 	4
 	n 	    0.2556 	    0.9668 	    0.0001	i 	63
 	v 	    0.0187 	    0.0451 	   -0.7667 n	   -0.3827 	   -0.9239 	   -0.0000 i	96
 	v 	    0.0064 	    0.0484 	   -0.7667 n	   -0.1288 	   -0.9917 	   -0.0001 i	96
 	v 	    0.0064 	    0.0484 	   -0.7234 n	   -0.1287 	   -0.9917 	   -0.0003 i	96
 	v 	    0.0187 	    0.0451 	   -0.7234 n	   -0.3826 	   -0.9239 	   -0.0003 i	96
p 	91 	4
 	n 	    0.0000 	    1.0000 	    0.0001	i 	63
 	v 	    0.0064 	    0.0484 	   -0.7667 n	   -0.1288 	   -0.9917 	   -0.0001 i	96
 	v 	   -0.0064 	    0.0484 	   -0.7667 n	    0.1288 	   -0.9917 	   -0.0001 i	96
 	v 	   -0.0064 	    0.0484 	   -0.7234 n	    0.1287 	   -0.9917 	   -0.0003 i	96
 	v 	    0.0064 	    0.0484 	   -0.7234 n	   -0.1287 	   -0.9917 	   -0.0003 i	96
p 	92 	4
 	n 	   -0.2556 	    0.9668 	    0.0001	i 	63
 	v 	   -0.0064 	    0.0484 	   -0.7667 n	    0.1288 	   -0.9917 	   -0.0001 i	96
 	v 	   -0.0187 	    0.0451 	   -0.7667 n	    0.3827 	   -0.9239 	   -0.0000 i	96
 	v 	   -0.0187 	    0.0451 	   -0.7234 n	    0.3826 	   -0.9239 	   -0.0002 i	96
 	v 	   -0.0064 	    0.0484 	   -0.7234 n	    0.1287 	   -0.9917 	   -0.0003 i	96
p 	93 	4
 	n 	   -0.5028 	    0.8644 	    0.0001	i 	63
 	v 	   -0.0187 	    0.0451 	   -0.7667 n	    0.3827 	   -0.9239 	   -0.0000 i	96
 	v 	   -0.0297 	    0.0387 	   -0.7667 n	    0.6102 	   -0.7923 	   -0.0000 i	96
 	v 	   -0.0297 	    0.0387 	   -0.7234 n	    0.6101 	   -0.7923 	   -0.0002 i	96
 	v 	   -0.0187 	    0.0451 	   -0.7234 n	    0.3826 	   -0.9239 	   -0.0002 i	96
p 	94 	4
 	n 	   -0.7071 	    0.7071 	    0.0000	i 	63
 	v 	   -0.0297 	    0.0387 	   -0.7667 n	    0.6102 	   -0.7923 	   -0.0000 i	96
 	v 	   -0.0387 	    0.0297 	   -0.7667 n	    0.7923 	   -0.6102 	   -0.0000 i	96
 	v 	   -0.0387 	    0.0297 	   -0.7234 n	    0.7922 	   -0.6102 	   -0.0001 i	96
 	v 	   -0.0297 	    0.0387 	   -0.7234 n	    0.6101 	   -0.7923 	   -0.0002 i	96
p 	95 	4
 	n 	   -0.8644 	    0.5028 	    0.0000	i 	63
 	v 	   -0.0387 	    0.0297 	   -0.7667 n	    0.7923 	   -0.6102 	   -0.0000 i	96
 	v 	   -0.0451 	    0.0187 	   -0.7667 n	    0.9239 	   -0.3827 	   -0.0000 i	96
 	v 	   -0.0451 	    0.0187 	   -0.7234 n	    0.9239 	   -0.3827 	   -0.0000 i	96
 	v 	   -0.0387 	    0.0297 	   -0.7234 n	    0.7922 	   -0.6102 	   -0.0001 i	96
p 	96 	4
 	n 	   -0.9668 	    0.2557 	    0.0000	i 	63
 	v 	   -0.0451 	    0.0187 	   -0.7234 n	    0.9239 	   -0.3827 	   -0.0000 i	96
 	v 	   -0.0484 	    0.0064 	   -0.7235 n	    0.9917 	   -0.1288 	   -0.0000 i	96
 	v 	   -0.0484 	    0.0064 	   -0.6654 n	    0.9916 	   -0.1290 	   -0.0000 i	96
 	v 	   -0.0451 	    0.0187 	   -0.6653 n	    0.9238 	   -0.3829 	   -0.0001 i	96
p 	97 	4
 	n 	   -1.0000 	   -0.0000 	    0.0000	i 	63
 	v 	   -0.0484 	    0.0064 	   -0.7235 n	    0.9917 	   -0.1288 	   -0.0000 i	96
 	v 	   -0.0484 	   -0.0064 	   -0.7235 n	    0.9917 	    0.1287 	   -0.0000 i	96
 	v 	   -0.0484 	   -0.0064 	   -0.6655 n	    0.9917 	    0.1287 	   -0.0000 i	96
 	v 	   -0.0484 	    0.0064 	   -0.6654 n	    0.9916 	   -0.1290 	   -0.0000 i	96
p 	98 	4
 	n 	   -0.9668 	   -0.2557 	    0.0000	i 	63
 	v 	   -0.0484 	   -0.0064 	   -0.7235 n	    0.9917 	    0.1287 	   -0.0000 i	96
 	v 	   -0.0451 	   -0.0187 	   -0.7235 n	    0.9239 	    0.3826 	   -0.0001 i	96
 	v 	   -0.0451 	   -0.0187 	   -0.6656 n	    0.9239 	    0.3826 	   -0.0002 i	96
 	v 	   -0.0484 	   -0.0064 	   -0.6655 n	    0.9917 	    0.1287 	   -0.0000 i	96
p 	99 	4
 	n 	   -0.8644 	   -0.5028 	    0.0001	i 	63
 	v 	   -0.0451 	   -0.0187 	   -0.7235 n	    0.9239 	    0.3826 	   -0.0001 i	96
 	v 	   -0.0387 	   -0.0297 	   -0.7235 n	    0.7923 	    0.6101 	   -0.0001 i	96
 	v 	   -0.0387 	   -0.0297 	   -0.6657 n	    0.7922 	    0.6102 	   -0.0003 i	96
 	v 	   -0.0451 	   -0.0187 	   -0.6656 n	    0.9239 	    0.3826 	   -0.0002 i	96
p 	100 	4
 	n 	   -0.7071 	   -0.7071 	    0.0003	i 	63
 	v 	   -0.0387 	   -0.0297 	   -0.7235 n	    0.7923 	    0.6101 	   -0.0001 i	96
 	v 	   -0.0297 	   -0.0387 	   -0.7235 n	    0.6102 	    0.7923 	   -0.0002 i	96
 	v 	   -0.0297 	   -0.0387 	   -0.6657 n	    0.6101 	    0.7923 	   -0.0005 i	96
 	v 	   -0.0387 	   -0.0297 	   -0.6657 n	    0.7922 	    0.6102 	   -0.0003 i	96
p 	101 	4
 	n 	   -0.5028 	   -0.8644 	    0.0004	i 	63
 	v 	   -0.0297 	   -0.0387 	   -0.7235 n	    0.6102 	    0.7923 	   -0.0002 i	96
 	v 	   -0.0187 	   -0.0451 	   -0.7235 n	    0.3827 	    0.9239 	   -0.0003 i	96
 	v 	   -0.0187 	   -0.0451 	   -0.6658 n	    0.3826 	    0.9239 	   -0.0007 i	96
 	v 	   -0.0297 	   -0.0387 	   -0.6657 n	    0.6101 	    0.7923 	   -0.0005 i	96
p 	102 	4
 	n 	   -0.2556 	   -0.9668 	    0.0004	i 	63
 	v 	   -0.0187 	   -0.0451 	   -0.7235 n	    0.3827 	    0.9239 	   -0.0003 i	96
 	v 	   -0.0064 	   -0.0484 	   -0.7235 n	    0.1287 	    0.9917 	   -0.0003 i	96
 	v 	   -0.0064 	   -0.0483 	   -0.6658 n	    0.1287 	    0.9917 	   -0.0008 i	96
 	v 	   -0.0187 	   -0.0451 	   -0.6658 n	    0.3826 	    0.9239 	   -0.0007 i	96
p 	103 	4
 	n 	    0.0000 	   -1.0000 	    0.0005	i 	63
 	v 	   -0.0064 	   -0.0484 	   -0.7235 n	    0.1287 	    0.9917 	   -0.0003 i	96
 	v 	    0.0064 	   -0.0484 	   -0.7235 n	   -0.1288 	    0.9917 	   -0.0003 i	96
 	v 	    0.0064 	   -0.0483 	   -0.6658 n	   -0.1287 	    0.9917 	   -0.0007 i	96
 	v 	   -0.0064 	   -0.0483 	   -0.6658 n	    0.1287 	    0.9917 	   -0.0008 i	96
p 	104 	4
 	n 	    0.2556 	   -0.9668 	    0.0004	i 	63
